1  6
S  9
  1   9.0460000000e+03   7.0000000000e-04
  2   1.3570000000e+03   5.3890000000e-03
  3   3.0930000000e+02   2.7406000000e-02
  4   8.7730000000e+01   1.0320700000e-01
  5   2.8560000000e+01   2.7872300000e-01
  6   1.0210000000e+01   4.4854000000e-01
  7   3.8380000000e+00   2.7823800000e-01
  8   7.4660000000e-01   1.5440000000e-02
  9   2.2480000000e-01  -2.8640000000e-03
S  9
  1   9.0460000000e+03  -1.5300000000e-04
  2   1.3570000000e+03  -1.2080000000e-03
  3   3.0930000000e+02  -5.9920000000e-03
  4   8.7730000000e+01  -2.4544000000e-02
  5   2.8560000000e+01  -6.7459000000e-02
  6   1.0210000000e+01  -1.5807800000e-01
  7   3.8380000000e+00  -1.2183100000e-01
  8   7.4660000000e-01   5.4900300000e-01
  9   2.2480000000e-01   5.7881500000e-01
S  1
  1   2.2480000000e-01   1.0000000000e+00
P  4
  1   1.3550000000e+01   3.9919000000e-02
  2   2.9170000000e+00   2.1716900000e-01
  3   7.9730000000e-01   5.1031900000e-01
  4   2.1850000000e-01   4.6221400000e-01
P  1
  1   2.1850000000e-01   1.0000000000e+00
D  1
  1   8.1700000000e-01   1.0000000000e+00
2  6
S  9
  1   9.0460000000e+03   7.0000000000e-04
  2   1.3570000000e+03   5.3890000000e-03
  3   3.0930000000e+02   2.7406000000e-02
  4   8.7730000000e+01   1.0320700000e-01
  5   2.8560000000e+01   2.7872300000e-01
  6   1.0210000000e+01   4.4854000000e-01
  7   3.8380000000e+00   2.7823800000e-01
  8   7.4660000000e-01   1.5440000000e-02
  9   2.2480000000e-01  -2.8640000000e-03
S  9
  1   9.0460000000e+03  -1.5300000000e-04
  2   1.3570000000e+03  -1.2080000000e-03
  3   3.0930000000e+02  -5.9920000000e-03
  4   8.7730000000e+01  -2.4544000000e-02
  5   2.8560000000e+01  -6.7459000000e-02
  6   1.0210000000e+01  -1.5807800000e-01
  7   3.8380000000e+00  -1.2183100000e-01
  8   7.4660000000e-01   5.4900300000e-01
  9   2.2480000000e-01   5.7881500000e-01
S  1
  1   2.2480000000e-01   1.0000000000e+00
P  4
  1   1.3550000000e+01   3.9919000000e-02
  2   2.9170000000e+00   2.1716900000e-01
  3   7.9730000000e-01   5.1031900000e-01
  4   2.1850000000e-01   4.6221400000e-01
P  1
  1   2.1850000000e-01   1.0000000000e+00
D  1
  1   8.1700000000e-01   1.0000000000e+00
